50
T = [0.         0.06122449 0.12244898 0.18367347 0.24489796 0.30612245 0.36734694 0.42857143 0.48979592 0.55102041 0.6122449  0.67346939 0.73469388 0.79591837 0.85714286 0.91836735 0.97959184 1.04081633 1.10204082 1.16326531 1.2244898  1.28571429 1.34693878 1.40816327 1.46938776 1.53061224 1.59183673 1.65306122 1.71428571 1.7755102  1.83673469 1.89795918 1.95918367 2.02040816 2.08163265 2.14285714 2.20408163 2.26530612 2.32653061 2.3877551  2.44897959 2.51020408 2.57142857 2.63265306 2.69387755 2.75510204 2.81632653 2.87755102 2.93877551 3.        ]
X = [1.97794652 2.3936589  2.82083859 3.24373838 3.25149616 3.54073903 3.77096421 3.93433561 4.12461261 4.14517976 4.33227517 4.45059327 4.602605   4.45769189 4.35865463 4.40577203 4.25280763 4.30824153 3.89557139 4.02939943 3.81304026 3.70088108 3.69906936 3.72967574 3.26134604 3.43710782 3.0937413  3.09087143 2.93363121 2.76601063 2.80832322 2.44766329 2.46458273 2.3840109  2.34806779 2.15868325 2.16698136 2.20829606 2.23493112 2.10811777 2.31068902 2.31309663 2.30608183 2.55592028 2.71424321 2.72689059 3.11461378 3.45445225 3.75063823 4.26670361]
